  0.10   0.09983
  0.20   0.19867
  0.30   0.29552
  0.40   0.38942
  0.50   0.47943
  0.60   0.56464
  0.70   0.64422
  0.80   0.71736
  0.90   0.78333
  1.00   0.84147
  1.10   0.89121
  1.20   0.93204
  1.30   0.96356
  1.40   0.98545
  1.50   0.99749
  1.60   0.99957
  1.70   0.99166
  1.80   0.97385
  1.90   0.94630
  2.00   0.90930
  2.10   0.86321
  2.20   0.80850
  2.30   0.74571
  2.40   0.67546
  2.50   0.59847
  2.60   0.51550
  2.70   0.42738
  2.80   0.33499
  2.90   0.23925
  3.00   0.14112
  3.10   0.04158
  3.20  -0.05837
  3.30  -0.15775
  3.40  -0.25554
  3.50  -0.35078
  3.60  -0.44252
  3.70  -0.52984
  3.80  -0.61186
  3.90  -0.68777
  4.00  -0.75680
  4.10  -0.81828
  4.20  -0.87158
  4.30  -0.91617
  4.40  -0.95160
  4.50  -0.97753
  4.60  -0.99369
  4.70  -0.99992
  4.80  -0.99616
  4.90  -0.98245
  5.00  -0.95892
  5.10  -0.92581
  5.20  -0.88345
  5.30  -0.83227
  5.40  -0.77276
  5.50  -0.70554
  5.60  -0.63127
  5.70  -0.55069
  5.80  -0.46460
  5.90  -0.37388
  6.00  -0.27942
  6.10  -0.18216
  6.20  -0.08309
  6.30   0.01681
  6.40   0.11655
  6.50   0.21512
  6.60   0.31154
  6.70   0.40485
  6.80   0.49411
  6.90   0.57844
  7.00   0.65699
  7.10   0.72897
  7.20   0.79367
  7.30   0.85044
  7.40   0.89871
  7.50   0.93800
  7.60   0.96792
  7.70   0.98817
  7.80   0.99854
  7.90   0.99894
  8.00   0.98936
  8.10   0.96989
  8.20   0.94073
  8.30   0.90217
  8.40   0.85460
  8.50   0.79849
  8.60   0.73440
  8.70   0.66297
  8.80   0.58492
  8.90   0.50102
  9.00   0.41212
  9.10   0.31910
  9.20   0.22289
  9.30   0.12445
  9.40   0.02477
  9.50  -0.07515
  9.60  -0.17433
  9.70  -0.27176
  9.80  -0.36648
  9.90  -0.45754
 10.00  -0.54402
